[0,50,51,6,11,29,14,26,4,8,21,23,12,36,32,22,41,3,]-[0,14,1,13,10,12,]-[0,1,8,]-[0,3,1,]-[0,6,5,]-[0,2,5,]-
[0,15,39,34,33,30,45,25,2,13,40,19,37,5,46,18,7,35,]-[0,28,7,3,9,2,]-[0,6,4,]-[0,4,5,]-[0,1,2,]-[0,1,4,]-
[0,17,48,49,31,44,24,9,20,42,43,16,38,47,10,1,27,]-[0,11,15,4,6,5,]-[0,3,2,]-[0,6,]-[0,3,]-[0,3,]-

COSTO: 7312.8950418741015
----------------------------------------------------------------------------------------------
[0,32,49,36,5,16,20,2,4,9,3,40,17,13,46,10,25,38,]-[0,13,6,14,8,4,]-[0,2,3,]-[0,6,3,]-[0,4,1,]-[0,2,6,]-
[0,34,15,39,35,51,8,26,27,22,23,21,18,33,30,31,47,44,]-[0,3,12,10,7,11,]-[0,6,5,]-[0,2,5,]-[0,6,5,]-[0,1,4,]-
[0,6,48,37,12,1,41,45,24,42,43,19,50,14,29,28,11,]-[0,5,15,9,2,]-[0,1,7,]-[0,1,]-[0,3,]-[0,3,]-

COSTO: 7301.542239532487
----------------------------------------------------------------------------------------------
[0,5,45,46,24,13,2,23,50,11,6,1,51,38,22,41,29,17,]-[0,3,5,4,12,11,]-[0,6,4,]-[0,5,6,]-[0,2,5,]-[0,5,1,]-
[0,47,4,28,3,42,18,8,15,32,49,16,12,40,25,27,31,10,]-[0,2,34,15,7,1,]-[0,1,9,]-[0,4,3,]-[0,4,1,]-[0,3,6,]-
[0,14,26,9,43,21,20,7,33,35,36,39,37,19,44,30,48,]-[0,8,13,6,14,10,]-[0,3,5,]-[0,2,]-[0,3,]-[0,4,]-

COSTO: 7301.353302232811
----------------------------------------------------------------------------------------------
[0,48,6,32,31,15,16,38,47,4,26,24,33,18,41,23,20,12,]-[0,15,2,14,12,11,]-[0,2,5,3,]-[0,1,6,]-[0,1,2,]-[0,2,4,]-
[0,50,35,34,29,36,19,51,14,28,25,27,37,2,42,43,8,21,]-[0,7,8,5,6,13,]-[0,7,4,]-[0,5,3,]-[0,3,5,]-[0,5,6,]-
[0,49,11,5,10,39,1,17,45,44,9,30,46,13,3,22,40,]-[0,3,9,4,1,]-[0,10,6,]-[0,4,]-[0,4,]-[0,1,]-

COSTO: 7291.203667008114
----------------------------------------------------------------------------------------------
[0,2,42,14,32,49,1,11,26,22,20,16,37,50,48,31,44,17,]-[0,13,9,15,12,1,]-[0,6,5,]-[0,4,2,]-[0,1,4,]-[0,1,5,]-
[0,41,3,4,34,15,38,9,24,8,40,18,39,36,10,46,27,45,]-[0,3,10,6,7,8,]-[0,2,3,]-[0,3,5,]-[0,2,5,]-[0,6,2,]-
[0,13,47,5,6,51,30,25,43,23,19,21,12,35,28,29,33,]-[0,4,14,11,2,]-[0,1,7,]-[0,1,]-[0,6,]-[0,4,]-

COSTO: 7272.095403052194
----------------------------------------------------------------------------------------------
[0,2,38,15,26,43,14,5,10,27,48,42,16,34,33,35,50,39,]-[0,6,15,2,3,8,]-[0,4,2,]-[0,4,3,]-[0,6,3,]-[0,1,6,]-
[0,51,36,3,25,13,45,30,47,28,21,8,18,32,6,12,41,31,]-[0,11,12,13,9,4,]-[0,3,5,]-[0,1,6,]-[0,1,4,]-[0,2,3,]-
[0,1,49,24,40,44,46,29,4,9,23,22,7,11,37,17,19,]-[0,14,7,20,10,1,]-[0,1,]-[0,5,]-[0,5,]-[0,4,]-

COSTO: 7250.74026589473
----------------------------------------------------------------------------------------------
[0,50,39,41,42,44,10,47,26,35,1,16,21,23,22,29,32,24,]-[0,4,3,2,6,1,]-[0,5,3,]-[0,1,5,]-[0,4,6,]-[0,1,5,]-
[0,15,51,2,3,4,31,30,49,38,7,18,8,13,25,33,46,34,]-[0,9,8,15,14,11,]-[0,4,9,]-[0,6,2,]-[0,5,3,]-[0,6,2,]-
[0,36,12,20,14,28,5,45,6,37,19,40,43,17,27,11,48,]-[0,13,7,12,10,]-[0,1,6,]-[0,4,]-[0,1,]-[0,4,]-

COSTO: 7246.91577513357
----------------------------------------------------------------------------------------------
[0,51,19,21,20,41,9,25,12,24,14,28,27,44,32,15,33,7,]-[0,14,13,9,10,12,]-[0,1,5,]-[0,6,2,]-[0,5,6,]-[0,1,2,]-
[0,1,16,40,23,42,43,22,46,39,45,31,30,35,34,6,48,47,]-[0,11,3,2,6,17,]-[0,6,7,]-[0,1,4,]-[0,4,3,]-[0,5,6,]-
[0,38,18,2,8,3,26,36,5,50,4,29,10,11,49,37,13,]-[0,4,8,1,5,15,]-[0,4,3,]-[0,5,]-[0,2,]-[0,4,]-

COSTO: 7246.038508829605
----------------------------------------------------------------------------------------------
[0,40,23,18,1,6,15,19,22,29,27,47,46,31,24,43,32,8,]-[0,11,6,9,8,15,]-[0,2,4,]-[0,6,3,]-[0,1,5,]-[0,6,4,]-
[0,2,21,7,37,49,48,38,13,45,30,34,14,10,9,25,5,33,]-[0,42,5,10,7,12,]-[0,1,6,]-[0,2,5,]-[0,6,2,]-[0,1,2,]-
[0,20,41,17,35,51,50,12,16,4,44,11,28,26,3,36,39,]-[0,13,4,3,2,14,]-[0,5,]-[0,1,]-[0,4,]-[0,3,]-

COSTO: 7237.201004014091
----------------------------------------------------------------------------------------------
[0,34,10,47,11,39,15,12,46,21,3,7,16,18,8,25,49,28,]-[0,8,29,13,7,15,]-[0,1,3,]-[0,3,1,]-[0,6,5,]-[0,6,5,]-
[0,14,30,5,32,1,51,6,41,23,22,17,40,48,24,9,31,27,]-[0,4,5,3,2,12,]-[0,2,6,]-[0,4,5,]-[0,1,2,]-[0,1,2,]-
[0,44,4,33,36,50,37,35,2,42,13,19,20,38,26,43,45,]-[0,14,9,6,10,11,]-[0,5,]-[0,6,]-[0,3,]-[0,3,]-

COSTO: 7235.114425524919
----------------------------------------------------------------------------------------------
[0,43,47,28,4,45,2,21,41,1,51,39,6,11,5,27,13,16,]-[0,15,11,1,9,2,]-[0,6,2,]-[0,4,5,]-[0,3,6,]-[0,4,2,]-
[0,3,14,30,44,22,20,7,12,17,15,37,34,32,42,9,26,31,]-[0,4,14,7,10,8,]-[0,1,4,]-[0,2,3,]-[0,4,1,]-[0,3,5,]-
[0,25,10,29,46,40,8,18,36,19,50,49,33,35,23,24,48,]-[0,5,6,3,12,38,]-[0,13,3,]-[0,1,]-[0,2,]-[0,1,]-

COSTO: 7208.613754848963
----------------------------------------------------------------------------------------------
[0,48,32,14,28,43,26,15,33,39,17,18,2,21,40,9,27,41,]-[0,15,11,7,13,1,]-[0,3,9,]-[0,5,1,]-[0,4,3,]-[0,3,1,]-
[0,6,5,45,30,3,25,51,12,37,1,16,19,23,13,44,20,11,]-[0,35,14,2,10,4,]-[0,4,6,]-[0,4,3,]-[0,6,5,]-[0,4,5,]-
[0,34,47,4,29,24,50,46,36,38,49,7,8,42,22,10,31,]-[0,6,5,8,3,12,]-[0,5,2,]-[0,2,]-[0,1,]-[0,6,]-

COSTO: 7191.085808172005
----------------------------------------------------------------------------------------------
[0,6,50,36,33,45,47,35,34,2,18,25,21,43,9,26,27,42,]-[0,13,3,11,20,15,]-[0,1,6,]-[0,2,3,]-[0,5,2,]-[0,2,5,]-
[0,1,15,49,44,29,5,11,12,41,7,22,23,40,28,4,31,17,]-[0,9,4,10,1,14,]-[0,5,3,]-[0,1,6,]-[0,4,1,]-[0,6,3,]-
[0,16,39,51,14,30,32,48,37,13,19,8,3,24,10,46,38,]-[0,2,5,7,12,8,]-[0,4,]-[0,5,]-[0,6,]-[0,1,]-

COSTO: 7187.673574536605
----------------------------------------------------------------------------------------------
[0,43,21,19,9,22,23,28,10,5,24,47,33,39,37,35,38,7,]-[0,9,15,2,7,13,]-[0,4,3,]-[0,6,3,]-[0,6,4,]-[0,4,2,]-
[0,40,18,51,20,8,41,4,30,25,27,48,6,12,11,50,44,45,]-[0,11,34,3,4,5,]-[0,2,6,]-[0,2,5,]-[0,1,2,]-[0,3,6,]-
[0,2,16,1,13,42,31,14,46,26,29,15,36,49,32,17,3,]-[0,6,14,8,10,12,]-[0,1,]-[0,1,]-[0,3,]-[0,5,]-

COSTO: 7183.513312979697
----------------------------------------------------------------------------------------------
[0,41,7,34,15,14,23,25,4,31,28,47,38,12,44,24,8,33,]-[0,2,13,35,11,5,]-[0,5,6,]-[0,1,2,]-[0,2,5,]-[0,6,4,]-
[0,19,32,6,48,22,3,27,29,5,46,50,36,51,20,40,18,2,]-[0,3,1,15,6,10,]-[0,4,3,]-[0,5,6,]-[0,4,1,]-[0,1,2,]-
[0,16,11,49,26,21,43,9,10,30,45,1,39,17,13,42,37,]-[0,9,7,12,14,8,]-[0,2,]-[0,4,]-[0,3,]-[0,3,]-

COSTO: 7167.01952862514
----------------------------------------------------------------------------------------------
[0,20,43,21,48,1,6,11,5,30,44,46,19,51,22,9,8,26,]-[0,6,10,28,2,8,]-[0,4,3,]-[0,1,4,]-[0,6,5,]-[0,1,2,]-
[0,41,3,42,36,38,35,39,31,27,14,32,16,12,13,40,47,37,]-[0,14,4,12,7,1,]-[0,5,6,]-[0,3,6,]-[0,1,2,]-[0,5,6,]-
[0,2,23,50,17,49,33,34,29,4,45,15,7,18,25,24,10,]-[0,5,9,15,13,11,]-[0,1,]-[0,5,]-[0,4,]-[0,4,]-

COSTO: 7166.3469377511965
----------------------------------------------------------------------------------------------
[0,13,23,41,21,26,29,27,31,5,7,6,32,1,49,37,39,40,]-[0,15,4,10,5,1,]-[0,1,15,6,]-[0,1,3,]-[0,1,4,]-[0,1,5,]-
[0,43,20,42,8,24,45,28,14,11,17,33,47,38,12,48,35,10,]-[0,6,9,3,7,13,]-[0,5,12,]-[0,2,5,]-[0,2,5,]-[0,6,2,]-
[0,3,2,22,25,30,4,44,46,18,19,34,51,36,16,50,9,]-[0,11,14,8,2,]-[0,2,3,]-[0,6,]-[0,6,]-[0,4,]-

COSTO: 7164.796209451862
----------------------------------------------------------------------------------------------
[0,48,15,44,31,30,33,1,12,19,2,3,40,25,22,38,35,34,]-[0,13,8,5,11,7,]-[0,6,4,]-[0,1,4,]-[0,3,1,]-[0,4,2,]-
[0,51,50,4,29,10,11,36,37,16,41,23,43,27,20,6,49,8,]-[0,10,12,15,4,9,]-[0,1,9,]-[0,6,3,]-[0,4,5,]-[0,3,5,]-
[0,46,14,28,45,5,32,39,17,7,42,21,26,24,13,47,18,]-[0,3,6,14,1,]-[0,3,5,]-[0,2,]-[0,6,]-[0,1,]-

COSTO: 7163.41330088462
----------------------------------------------------------------------------------------------
[0,14,47,10,32,28,44,9,40,23,16,7,39,15,12,38,43,45,]-[0,1,3,5,12,10,]-[0,2,4,]-[0,5,2,]-[0,3,6,]-[0,2,6,]-
[0,31,5,6,11,3,4,13,2,42,19,25,36,51,37,50,20,8,]-[0,7,2,13,14,8,]-[0,1,6,]-[0,4,6,]-[0,4,2,]-[0,4,1,]-
[0,29,30,34,33,26,27,46,21,41,17,18,49,48,35,24,22,]-[0,9,11,15,6,]-[0,5,]-[0,1,]-[0,1,]-[0,3,]-

COSTO: 7153.402563824199
----------------------------------------------------------------------------------------------
[0,46,43,51,19,36,12,34,48,13,2,18,26,10,31,27,45,28,]-[0,14,9,8,1,11,]-[0,4,3,]-[0,6,5,]-[0,1,3,]-[0,2,4,]-
[0,5,3,1,17,39,37,6,23,42,20,8,25,44,7,33,22,9,]-[0,10,2,7,6,15,]-[0,1,5,]-[0,1,2,]-[0,2,6,]-[0,1,6,]-
[0,32,15,16,49,50,11,35,21,41,40,24,29,14,4,30,38,]-[0,4,3,13,5,47,]-[0,12,2,]-[0,3,]-[0,4,]-[0,5,]-

COSTO: 7146.951570808517
----------------------------------------------------------------------------------------------
[0,13,22,20,15,35,33,31,10,5,26,24,32,12,19,1,49,9,]-[0,14,1,4,2,7,]-[0,3,1,]-[0,1,4,]-[0,4,1,]-[0,6,5,]-
[0,42,8,41,48,11,30,44,14,47,25,43,37,36,16,17,46,7,]-[0,6,12,10,9,3,]-[0,15,5,]-[0,2,5,]-[0,3,6,]-[0,1,2,]-
[0,3,23,2,6,34,29,28,45,4,27,21,39,38,18,51,40,]-[0,50,11,13,8,5,]-[0,6,2,]-[0,6,]-[0,5,]-[0,3,]-

COSTO: 7122.109107589468
----------------------------------------------------------------------------------------------
[0,15,39,51,19,40,41,9,45,44,5,33,30,21,22,18,37,20,]-[0,13,8,6,12,10,]-[0,4,1,]-[0,5,1,]-[0,5,3,]-[0,4,1,]-
[0,50,6,48,17,2,25,24,4,47,32,28,46,43,42,8,35,31,]-[0,7,4,1,5,9,]-[0,3,6,]-[0,4,3,]-[0,4,6,]-[0,5,3,]-
[0,36,49,16,7,13,26,29,27,14,11,10,23,3,1,38,12,]-[0,2,15,34,11,14,]-[0,5,]-[0,2,]-[0,1,]-[0,2,]-

COSTO: 7115.35188582957
----------------------------------------------------------------------------------------------
[0,46,17,1,44,31,33,49,32,51,47,26,5,13,8,20,38,50,]-[0,7,5,10,4,15,]-[0,3,5,]-[0,5,1,]-[0,3,5,]-[0,4,1,]-
[0,16,15,40,14,29,11,36,35,48,27,9,24,42,21,18,7,28,]-[0,12,11,2,13,8,]-[0,4,1,]-[0,4,3,]-[0,6,2,]-[0,3,5,]-
[0,19,39,4,45,30,6,12,37,34,25,10,41,22,23,2,43,]-[0,6,14,3,9,]-[0,2,]-[0,2,]-[0,1,]-[0,6,]-

COSTO: 7103.446833618694
----------------------------------------------------------------------------------------------
[0,28,8,13,1,48,26,21,16,12,38,11,5,45,24,46,18,39,]-[0,14,33,12,3,4,]-[0,3,2,]-[0,2,6,]-[0,3,2,]-[0,4,3,]-
[0,23,2,40,49,42,25,17,7,6,36,32,4,29,22,30,9,27,]-[0,5,10,7,9,11,]-[0,4,5,]-[0,5,3,]-[0,4,5,]-[0,6,5,]-
[0,20,41,51,15,3,43,19,50,37,35,34,14,10,31,44,47,]-[0,6,15,2,13,8,]-[0,6,]-[0,4,]-[0,6,]-[0,1,]-

COSTO: 7097.730007487984
----------------------------------------------------------------------------------------------
[0,49,51,1,39,44,46,10,4,24,8,40,43,2,7,32,30,25,]-[0,5,22,8,11,4,]-[0,2,14,]-[0,4,5,]-[0,2,3,]-[0,5,6,]-
[0,15,19,12,36,47,45,31,27,26,23,13,41,42,38,34,11,28,]-[0,6,3,7,15,10,]-[0,1,5,]-[0,2,3,]-[0,1,6,]-[0,4,3,]-
[0,48,16,37,6,14,29,5,9,3,21,50,18,20,35,33,17,]-[0,1,2,12,13,9,]-[0,3,4,]-[0,1,]-[0,5,]-[0,2,]-

COSTO: 7037.801065657183
----------------------------------------------------------------------------------------------
