[0,3,21,26,45,31,10,38,15,6,46,47,37,17,7,22,24,9,]-[0,1,13,5,10,7,]-[0,2,4,]-[0,3,5,]-[0,5,1,]-[0,3,6,]-
[0,43,40,25,14,29,34,1,51,35,5,39,12,19,2,41,13,36,]-[0,3,14,15,11,12,]-[0,3,6,]-[0,6,2,]-[0,4,3,]-[0,4,1,]-
[0,23,4,27,44,30,32,50,49,28,33,48,11,16,20,42,8,]-[0,2,6,9,4,8,]-[0,18,1,]-[0,1,]-[0,2,]-[0,2,]-

COSTO: 7228.268414603617
----------------------------------------------------------------------------------------------
[0,44,25,43,19,20,42,32,48,29,10,15,38,51,39,36,22,23,]-[0,13,4,1,12,45,]-[0,2,1,]-[0,1,6,]-[0,2,5,]-[0,3,6,]-
[0,14,27,13,16,8,40,46,33,30,47,50,12,49,35,7,21,34,]-[0,3,14,6,7,2,]-[0,8,4,]-[0,2,3,]-[0,1,4,]-[0,4,1,]-
[0,26,3,2,18,41,17,5,31,28,4,1,6,37,11,24,9,]-[0,5,10,11,15,9,]-[0,6,3,]-[0,4,]-[0,3,]-[0,2,]-

COSTO: 7224.647095330643
----------------------------------------------------------------------------------------------
[0,40,43,4,49,37,5,32,36,50,17,51,8,27,9,31,11,33,]-[0,15,11,10,3,1,]-[0,4,5,]-[0,5,2,]-[0,2,6,]-[0,5,1,]-
[0,2,3,44,15,39,30,34,12,41,19,18,23,25,35,46,13,42,]-[0,6,4,9,14,7,]-[0,6,2,]-[0,3,6,]-[0,1,4,]-[0,4,3,]-
[0,21,28,14,48,47,29,6,1,7,16,22,20,26,45,10,24,]-[0,5,13,8,12,38,]-[0,1,]-[0,4,]-[0,3,]-[0,2,]-

COSTO: 7217.710972336114
----------------------------------------------------------------------------------------------
[0,29,45,44,47,34,49,1,50,17,41,23,26,21,18,31,12,39,]-[0,14,33,15,8,7,]-[0,4,5,]-[0,6,4,]-[0,4,1,]-[0,1,3,]-
[0,30,4,27,5,6,15,38,2,19,13,3,9,22,48,20,11,8,]-[0,5,10,13,9,11,]-[0,6,2,]-[0,1,2,]-[0,5,3,]-[0,2,6,]-
[0,14,28,10,32,37,51,36,7,16,42,24,43,40,35,25,46,]-[0,6,12,3,2,1,]-[0,1,]-[0,3,]-[0,2,]-[0,4,]-

COSTO: 7204.177298826729
----------------------------------------------------------------------------------------------
[0,47,28,45,25,2,16,42,19,37,39,48,35,38,5,26,43,22,]-[0,7,6,1,15,8,]-[0,4,1,6,]-[0,2,7,]-[0,4,5,]-[0,4,3,]-
[0,29,46,4,3,20,40,13,17,1,15,6,11,10,34,44,24,32,]-[0,13,5,12,3,10,]-[0,3,14,]-[0,4,6,]-[0,2,3,]-[0,5,6,]-
[0,30,14,27,41,8,23,21,12,50,51,36,49,33,31,9,18,]-[0,2,11,4,9,]-[0,5,2,]-[0,1,3,]-[0,1,]-[0,1,]-

COSTO: 7200.554010204044
----------------------------------------------------------------------------------------------
[0,27,4,30,46,34,15,1,18,23,13,43,35,36,11,16,29,25,]-[0,13,9,15,12,7,]-[0,6,5,]-[0,1,5,]-[0,3,2,]-[0,1,3,]-
[0,14,28,10,5,6,48,41,40,42,20,26,12,39,47,7,9,17,]-[0,3,10,5,2,8,]-[0,1,8,]-[0,6,2,]-[0,1,6,]-[0,2,6,]-
[0,44,45,31,32,49,50,2,21,3,19,24,38,37,33,51,22,]-[0,4,14,11,6,]-[0,4,3,]-[0,4,]-[0,5,]-[0,4,]-

COSTO: 7190.643450842149
----------------------------------------------------------------------------------------------
[0,13,19,4,27,2,41,15,37,29,14,10,5,35,51,40,17,11,]-[0,13,10,11,6,8,]-[0,1,2,]-[0,6,5,]-[0,1,2,]-[0,1,2,]-
[0,43,1,9,22,21,20,48,50,30,45,31,34,33,16,39,8,25,]-[0,14,9,38,1,4,]-[0,6,5,]-[0,1,2,]-[0,5,6,]-[0,3,5,]-
[0,3,26,24,42,23,7,6,49,47,46,28,32,36,18,12,44,]-[0,5,2,12,7,15,]-[0,4,]-[0,3,]-[0,4,]-[0,6,]-

COSTO: 7181.752582353548
----------------------------------------------------------------------------------------------
[0,48,32,44,30,26,35,42,27,21,39,12,37,17,7,43,45,33,]-[0,4,8,7,12,13,]-[0,5,4,11,]-[0,2,5,]-[0,6,5,]-[0,4,2,]-
[0,6,5,14,29,10,41,3,8,23,36,51,15,50,2,20,24,9,]-[0,3,11,2,5,14,]-[0,15,1,]-[0,4,1,]-[0,1,2,]-[0,3,5,]-
[0,34,47,28,31,46,13,25,22,40,38,1,19,16,18,49,4,]-[0,9,6,1,10,]-[0,6,3,]-[0,3,]-[0,3,]-[0,1,]-

COSTO: 7173.53904771093
----------------------------------------------------------------------------------------------
[0,25,4,15,37,12,8,43,23,21,9,30,14,32,35,33,16,38,]-[0,14,15,3,8,7,]-[0,4,5,]-[0,5,2,]-[0,6,4,]-[0,5,3,]-
[0,26,27,36,51,13,20,40,18,41,44,29,28,34,49,48,42,10,]-[0,5,6,9,24,4,]-[0,2,10,]-[0,3,6,]-[0,1,2,]-[0,2,6,]-
[0,45,50,6,39,3,19,17,7,22,47,31,46,11,1,2,5,]-[0,11,12,13,2,1,]-[0,1,3,]-[0,4,]-[0,3,]-[0,1,]-

COSTO: 7157.766479210558
----------------------------------------------------------------------------------------------
[0,14,28,29,13,23,19,50,48,32,39,25,9,22,8,49,11,17,]-[0,13,7,3,5,6,]-[0,6,5,]-[0,3,6,]-[0,5,1,]-[0,2,5,]-
[0,44,10,5,42,21,2,15,6,35,31,46,27,43,18,38,12,7,]-[0,16,12,14,11,8,]-[0,3,2,]-[0,4,1,]-[0,4,3,]-[0,4,1,]-
[0,4,30,41,3,40,1,51,34,36,33,45,24,26,20,37,47,]-[0,1,15,10,4,9,]-[0,1,]-[0,2,]-[0,2,]-[0,3,]-

COSTO: 7150.833372998134
----------------------------------------------------------------------------------------------
[0,41,19,38,15,34,14,8,22,3,9,45,28,46,13,36,51,43,]-[0,6,12,9,8,13,]-[0,1,3,]-[0,1,4,]-[0,3,5,]-[0,5,6,]-
[0,2,17,1,48,11,32,23,25,24,31,4,27,29,10,39,37,7,]-[0,15,14,3,7,10,]-[0,2,6,]-[0,6,3,]-[0,6,2,]-[0,4,3,]-
[0,16,18,50,6,47,20,21,42,40,33,30,44,26,35,12,5,]-[0,1,5,2,49,11,]-[0,4,]-[0,2,]-[0,1,]-[0,2,]-

COSTO: 7130.667536462236
----------------------------------------------------------------------------------------------
[0,32,31,46,4,22,13,25,24,23,7,51,49,11,1,6,19,50,]-[0,4,12,37,8,10,]-[0,2,5,]-[0,5,1,]-[0,6,3,]-[0,2,4,]-
[0,5,29,14,28,40,41,27,8,20,17,38,15,18,26,47,43,10,]-[0,15,1,2,13,9,]-[0,6,3,]-[0,4,3,]-[0,1,4,]-[0,1,6,]-
[0,33,30,45,44,2,3,9,21,42,39,36,48,16,34,35,12,]-[0,6,11,7,14,5,]-[0,1,]-[0,2,]-[0,5,]-[0,5,]-

COSTO: 7120.395289501831
----------------------------------------------------------------------------------------------
[0,26,13,16,40,3,23,29,47,33,11,15,39,49,17,44,28,45,]-[0,9,7,12,8,1,]-[0,4,5,]-[0,3,2,]-[0,3,1,]-[0,5,6,]-
[0,25,2,19,21,41,20,30,14,50,34,48,12,37,42,46,31,36,]-[0,2,13,14,4,24,]-[0,6,2,]-[0,4,5,]-[0,4,5,]-[0,4,3,]-
[0,27,18,8,22,43,7,10,5,35,6,51,1,38,4,32,9,]-[0,15,5,10,3,11,]-[0,1,]-[0,1,]-[0,6,]-[0,2,]-

COSTO: 7106.723605547666
----------------------------------------------------------------------------------------------
[0,44,5,6,12,50,16,20,43,2,23,38,29,10,26,9,35,27,]-[0,14,33,2,12,1,]-[0,4,5,]-[0,1,3,]-[0,1,2,]-[0,1,6,]-
[0,14,32,39,51,49,19,8,21,18,42,47,30,4,24,3,31,7,]-[0,5,10,8,15,11,]-[0,2,3,]-[0,2,6,]-[0,6,5,]-[0,3,2,]-
[0,46,34,37,15,36,17,13,41,40,48,45,28,25,22,1,11,]-[0,6,3,7,13,9,]-[0,1,]-[0,4,]-[0,4,]-[0,4,]-

COSTO: 7093.275656201121
----------------------------------------------------------------------------------------------
[0,13,25,29,5,10,4,1,39,33,32,16,20,23,40,51,49,8,]-[0,1,12,5,9,13,]-[0,1,6,]-[0,3,4,]-[0,4,1,]-[0,3,5,]-
[0,41,26,30,31,14,15,38,48,11,35,19,18,21,22,12,7,34,]-[0,7,10,11,3,4,]-[0,3,2,]-[0,1,6,]-[0,3,6,]-[0,6,2,]-
[0,42,24,47,28,45,50,36,6,46,37,17,43,3,2,44,9,]-[0,15,14,27,8,2,]-[0,4,]-[0,5,]-[0,5,]-[0,1,]-

COSTO: 7072.900204759946
----------------------------------------------------------------------------------------------
[0,47,4,9,43,1,15,17,16,37,36,8,29,44,6,5,27,10,]-[0,1,12,5,2,13,]-[0,6,4,]-[0,4,5,]-[0,6,4,]-[0,1,2,]-
[0,14,24,25,13,50,51,7,2,39,42,23,30,32,33,31,46,12,]-[0,7,11,6,8,9,]-[0,1,2,]-[0,3,2,]-[0,2,5,]-[0,3,5,]-
[0,45,26,3,40,48,38,18,19,49,20,21,28,34,35,22,41,]-[0,15,10,3,14,]-[0,5,11,]-[0,1,]-[0,1,]-[0,4,]-

COSTO: 7071.768575204552
----------------------------------------------------------------------------------------------
[0,1,34,33,50,38,12,17,13,23,20,24,29,14,44,3,42,46,]-[0,6,4,9,2,13,]-[0,5,2,]-[0,6,5,]-[0,4,3,]-[0,1,4,]-
[0,5,6,48,49,37,19,36,40,2,27,28,10,4,25,22,11,16,]-[0,5,1,47,8,12,]-[0,3,7,]-[0,1,2,]-[0,1,5,]-[0,6,3,]-
[0,32,35,15,51,39,7,41,21,8,9,45,30,26,43,18,31,]-[0,14,10,3,15,11,]-[0,4,6,]-[0,3,]-[0,6,]-[0,2,]-

COSTO: 7066.5836429810815
----------------------------------------------------------------------------------------------
[0,21,41,20,4,9,27,31,33,38,19,18,49,47,48,37,50,30,]-[0,2,13,6,14,3,]-[0,6,1,]-[0,5,1,]-[0,5,1,]-[0,2,5,]-
[0,23,13,43,24,25,44,46,11,1,2,8,35,34,51,39,16,17,]-[0,7,8,11,15,1,]-[0,10,3,]-[0,4,3,]-[0,4,3,]-[0,6,3,]-
[0,42,40,45,26,3,29,5,14,7,22,6,32,28,15,12,36,]-[0,9,5,10,12,]-[0,5,4,]-[0,2,]-[0,2,]-[0,1,]-

COSTO: 7055.683080338609
----------------------------------------------------------------------------------------------
[0,27,45,30,5,41,18,42,43,20,12,39,37,36,14,34,21,11,]-[0,14,1,12,10,9,]-[0,3,5,]-[0,5,6,]-[0,4,6,]-[0,1,2,]-
[0,25,4,29,10,19,2,13,8,7,17,1,6,51,44,33,26,24,]-[0,5,2,4,3,6,]-[0,2,13,]-[0,2,3,]-[0,5,3,]-[0,5,6,]-
[0,9,28,46,3,16,23,40,22,38,50,15,49,31,32,35,47,]-[0,48,15,11,8,7,]-[0,1,6,]-[0,4,]-[0,1,]-[0,4,]-

COSTO: 7053.468327418791
----------------------------------------------------------------------------------------------
[0,13,21,24,44,23,20,51,49,11,5,31,26,10,19,17,16,47,]-[0,13,7,25,11,12,]-[0,1,4,]-[0,1,2,]-[0,2,4,]-[0,6,2,]-
[0,41,43,27,9,8,50,39,6,34,28,29,45,32,7,18,12,38,]-[0,2,8,14,9,15,]-[0,2,6,]-[0,5,6,]-[0,1,6,]-[0,1,4,]-
[0,2,40,14,3,22,15,36,35,46,33,4,30,48,1,42,37,]-[0,1,4,10,5,3,]-[0,5,]-[0,4,]-[0,5,]-[0,5,]-

COSTO: 7043.135747344289
----------------------------------------------------------------------------------------------
[0,44,35,39,51,17,6,43,28,31,5,41,20,21,42,26,24,34,]-[0,13,12,2,5,10,]-[0,3,6,]-[0,4,2,]-[0,4,3,]-[0,5,1,]-
[0,14,11,36,1,19,49,3,4,29,33,2,8,7,27,9,30,13,]-[0,15,7,8,6,11,]-[0,4,14,]-[0,3,5,]-[0,5,6,]-[0,4,3,]-
[0,32,37,12,38,16,15,45,10,47,46,18,23,40,25,22,48,]-[0,1,50,9,4,3,]-[0,1,2,]-[0,1,]-[0,1,]-[0,2,]-

COSTO: 7033.095360803126
----------------------------------------------------------------------------------------------
[0,13,8,19,1,36,35,34,5,44,26,45,28,4,23,15,37,49,]-[0,14,15,10,2,12,]-[0,5,4,]-[0,4,6,]-[0,1,4,]-[0,3,1,]-
[0,2,20,41,16,48,11,47,33,27,9,29,10,22,18,51,38,31,]-[0,5,6,11,50,9,]-[0,2,13,]-[0,5,3,]-[0,6,2,]-[0,4,5,]-
[0,21,40,17,12,6,32,14,46,25,3,30,24,42,43,39,7,]-[0,1,4,3,7,8,]-[0,1,6,]-[0,1,]-[0,3,]-[0,6,]-

COSTO: 6937.074086242882
----------------------------------------------------------------------------------------------
[0,13,6,50,38,14,7,22,21,40,26,4,29,27,11,32,34,16,]-[0,6,14,9,1,7,]-[0,2,6,]-[0,6,2,]-[0,4,3,]-[0,3,1,]-
[0,43,1,49,36,45,17,20,41,3,9,28,31,5,47,35,39,8,]-[0,12,5,3,2,23,]-[0,1,4,]-[0,3,5,]-[0,6,5,]-[0,4,5,]-
[0,48,15,51,12,18,19,2,42,24,25,30,10,33,44,37,46,]-[0,11,10,13,8,15,]-[0,3,]-[0,4,]-[0,1,]-[0,6,]-

COSTO: 6930.555700173164
----------------------------------------------------------------------------------------------
[0,4,45,5,11,15,17,18,23,13,22,25,28,10,36,39,34,40,]-[0,14,8,2,6,12,]-[0,4,1,5,]-[0,1,4,]-[0,2,4,]-[0,6,4,]-
[0,44,33,32,37,50,19,20,21,42,24,43,47,51,12,16,30,31,]-[0,5,4,9,1,13,]-[0,6,3,]-[0,3,6,]-[0,1,6,]-[0,1,2,]-
[0,14,46,35,48,2,7,8,41,3,26,27,29,38,1,49,6,]-[0,10,3,15,7,]-[0,11,9,]-[0,5,]-[0,5,]-[0,3,]-

COSTO: 6927.8647927022475
----------------------------------------------------------------------------------------------
[0,46,28,14,36,1,2,42,8,21,25,4,45,47,49,19,20,35,]-[0,13,3,6,12,2,]-[0,4,5,]-[0,1,6,]-[0,2,6,]-[0,1,3,]-
[0,5,30,48,39,38,41,3,40,23,27,29,31,11,37,7,24,15,]-[0,8,14,15,10,7,]-[0,6,2,]-[0,3,2,]-[0,5,3,]-[0,2,6,]-
[0,32,44,6,51,50,13,22,43,26,9,10,33,12,16,18,17,]-[0,9,5,34,11,4,]-[0,1,]-[0,4,]-[0,4,]-[0,4,]-

COSTO: 6891.536120565502
----------------------------------------------------------------------------------------------
